1770430847147 9.038997650146484 0
1770430979980 8.910754203796387 50
1770431113758 8.789051055908203 100
1770431251543 8.66752815246582 150
1770431391689 8.527697563171387 200
1770431533691 8.372293472290039 250
1770431673433 8.217750549316406 300
1770431812987 8.078879356384277 350
1770431953081 7.958925724029541 400
1770432092755 7.854464054107666 450
1770432233179 7.763799667358398 500
1770432374224 7.677126407623291 550
1770432513976 7.5978617668151855 600
1770432655853 7.525732517242432 650
1770432797375 7.461638927459717 700
1770432935362 7.400451183319092 750
1770433074979 7.343162536621094 800
1770433216342 7.288666725158691 850
1770433358017 7.238643646240234 900
1770433498045 7.190482139587402 950
